8 7 7 7 7 7 7 7 7 4 4 7 7 7 7 7 7 7 7 9
8 0 0 0 0 0 0 0 0 0 0 0 0 0 0 0 0 0 0 9
8 0 0 0 0 0 3 3 3 3 3 3 0 0 0 0 0 0 0 9
8 0 0 0 0 0 3 0 3 0 3 0 0 0 0 0 0 0 0 9
8 0 0 0 0 0 3 0 3 0 3 0 0 0 0 0 0 0 0 9
8 0 0 0 0 0 0 0 0 0 0 1 1 1 0 0 0 0 0 9
8 0 0 0 0 0 0 0 0 0 1 0 0 0 1 0 0 0 0 9
8 0 0 0 0 0 0 0 0 1 0 0 0 0 0 1 0 0 0 9
8 0 0 0 0 0 0 0 1 0 0 1 1 1 0 0 1 0 0 9
8 0 0 0 0 0 0 0 1 0 0 1 1 1 0 0 1 0 0 9
8 0 0 0 0 0 0 0 1 0 0 1 1 1 0 0 1 0 0 9
8 0 0 0 0 0 0 0 0 1 0 0 0 0 0 1 0 0 0 9
8 0 0 0 0 0 0 3 3 0 1 0 0 0 1 0 0 0 0 9
8 3 0 0 3 3 0 3 0 0 0 1 1 1 0 3 3 0 3 9
8 0 0 0 0 0 0 0 3 3 0 0 0 3 0 3 3 3 0 9
8 0 0 3 0 0 0 3 0 0 3 0 3 0 0 0 3 3 3 9
8 3 0 0 3 3 0 0 3 3 0 3 3 3 0 0 3 3 3 9
8 3 3 3 3 0 3 3 3 0 0 3 3 3 3 0 3 3 3 9
8 3 3 3 3 3 3 3 3 3 3 3 3 3 3 3 3 3 3 9
8 6 6 6 6 6 6 6 6 6 6 6 6 6 6 6 6 6 6 9
