10 10 10 7 7 7 7 7 7 4 4 7 7 7 7 7 7 10 10 10
10 10 10 7 0 0 3 0 3 0 3 0 0 0 0 0 7 10 10 10
10 10 10 7 0 0 0 0 0 0 0 0 0 0 0 0 7 10 10 10
10 10 10 7 0 0 0 0 0 0 0 0 0 0 0 0 7 10 10 10
10 10 10 7 0 0 0 0 0 0 0 0 0 0 0 0 7 10 10 10
10 10 10 7 0 0 0 0 0 0 0 0 0 0 0 0 7 10 10 10
10 10 10 7 0 0 0 0 0 0 0 0 0 0 0 0 7 10 10 10
10 10 10 7 0 0 0 0 0 0 0 0 0 0 0 0 7 10 10 10
10 10 10 7 0 0 0 0 0 0 0 0 0 0 0 0 7 10 10 10
10 10 10 7 0 0 0 0 0 0 0 0 0 0 0 0 7 10 10 10
10 10 10 7 3 3 0 3 0 0 0 0 3 3 0 0 7 10 10 10
10 10 10 7 0 0 0 0 3 3 0 0 0 3 0 3 7 10 10 10
10 10 10 7 0 0 0 3 0 0 3 0 3 0 0 0 7 10 10 10
10 10 10 7 7 7 7 7 7 4 4 7 7 7 7 7 7 10 10 10
10 10 10 10 10 10 10 10 10 10 10 10 10 10 10 10 10 10 10 10
10 10 10 10 10 10 10 10 10 10 10 10 10 10 10 10 10 10 10 10
10 10 10 10 10 10 10 10 10 10 10 10 10 10 10 10 10 10 10 10
10 10 10 10 10 10 10 10 10 10 10 10 10 10 10 10 10 10 10 10
10 10 10 10 10 10 10 10 10 10 10 10 10 10 10 10 10 10 10 10
10 10 10 10 10 10 10 10 10 10 10 10 10 10 10 10 10 10 10 10
