10 10 10 10 10 10 21 7 7 20 20 7 7 21 10 10 10 10 10 10
10 10 10 10 10 10 21 22 23 22 24 23 24 21 10 10 10 10 10 10
10 10 10 10 10 10 21 22 22 24 23 22 24 21 10 10 10 10 10 10
10 10 10 10 10 10 21 22 22 22 24 23 22 21 10 10 10 10 10 10
10 10 10 10 10 10 21 24 24 24 22 23 24 21 10 10 10 10 10 10
10 10 10 10 10 10 21 22 22 22 24 23 22 21 10 10 10 10 10 10
10 10 10 10 10 10 21 22 23 24 22 24 23 21 10 10 10 10 10 10
10 10 10 10 10 10 21 23 23 24 22 23 24 21 10 10 10 10 10 10
10 10 10 10 10 10 21 23 23 22 24 23 22 21 10 10 10 10 10 10
10 10 10 10 10 10 21 23 22 23 24 22 23 21 10 10 10 10 10 10
10 10 10 10 10 10 21 23 22 23 24 22 23 21 10 10 10 10 10 10
10 10 10 10 10 10 21 23 24 23 22 24 23 21 10 10 10 10 10 10
10 10 10 10 10 10 21 24 24 24 22 23 24 21 10 10 10 10 10 10
10 10 10 10 10 10 21 24 22 24 23 22 24 21 10 10 10 10 10 10
10 10 10 10 10 10 21 24 22 22 24 23 22 21 10 10 10 10 10 10
10 10 10 10 10 10 21 24 22 22 23 24 22 21 10 10 10 10 10 10
10 10 10 10 10 10 21 22 22 24 23 22 24 21 10 10 10 10 10 10
10 10 10 10 10 10 21 22 22 24 24 23 22 21 10 10 10 10 10 10
10 10 10 10 10 10 21 22 22 24 23 24 22 21 10 10 10 10 10 10
10 10 10 10 10 10 21 7 7 20 20 7 7 21 10 10 10 10 10 10
