14 17 17 17 17 17 17 17 17 17 17 17 17 17 17 17 17 17 17 16
14 11 11 11 11 11 11 13 11 11 11 11 11 11 11 11 11 11 11 16
14 11 11 11 11 11 11 13 11 11 11 11 11 11 11 11 11 11 11 16
14 11 11 11 11 11 11 13 13 13 13 13 13 13 11 11 11 11 11 16
14 11 11 11 11 11 11 13 11 11 11 11 13 11 11 11 11 11 11 16
14 11 11 11 11 11 11 13 11 11 11 13 11 11 11 11 11 11 11 16
14 11 11 11 11 11 11 11 11 11 11 11 11 11 11 11 11 11 11 16
14 11 11 11 11 11 11 11 11 11 11 11 11 11 11 11 11 11 11 16
14 11 11 11 11 11 11 11 13 13 13 11 11 11 11 11 11 11 11 16
14 11 11 11 11 11 11 11 13 13 13 11 11 11 11 11 11 11 11 16
14 11 11 11 11 11 11 11 13 13 13 11 11 11 11 11 11 11 11 16
14 11 11 11 11 11 11 11 11 11 11 11 11 11 11 11 11 11 11 16
14 11 11 11 11 11 11 11 11 11 11 11 11 11 11 11 12 12 11 16
14 12 11 11 12 12 11 12 11 11 11 11 12 12 11 11 11 11 12 16
14 11 11 11 11 11 11 11 12 12 11 11 11 12 11 12 12 12 11 16
14 11 11 12 11 11 11 12 11 11 12 11 12 11 11 11 12 12 12 16
14 12 11 11 12 12 11 11 12 12 11 12 12 12 11 11 12 12 12 16
14 12 12 12 12 11 12 12 12 11 11 12 12 12 12 11 12 12 12 16
14 12 12 12 12 12 12 12 12 12 12 12 12 12 12 12 12 12 12 16
14 15 15 15 15 15 15 15 15 19 19 15 15 15 15 15 15 15 15 16
