10 10 10 10 21 7 7 7 7 20 20 7 7 7 7 21 10 10 10 10
10 10 10 10 21 22 23 22 24 23 22 23 22 24 23 21 10 10 10 10
10 10 10 10 21 22 23 22 24 23 22 23 22 24 23 21 10 10 10 10
10 10 10 10 21 22 23 22 24 23 22 23 22 24 23 21 10 10 10 10
10 10 10 10 21 22 23 22 24 23 22 23 22 24 23 21 10 10 10 10
10 10 10 10 21 22 23 22 24 23 22 23 22 24 23 21 10 10 10 10
10 10 10 10 21 22 23 22 24 23 22 23 22 24 23 21 10 10 10 10
10 10 10 10 21 22 23 22 24 23 22 23 22 24 23 21 10 10 10 10
10 10 10 10 21 22 23 22 24 23 22 23 22 24 23 21 10 10 10 10
10 10 10 10 21 22 23 22 24 23 22 23 22 24 23 21 10 10 10 10
10 10 10 10 21 22 23 22 24 23 22 23 22 24 23 21 10 10 10 10
10 10 10 10 21 7 7 7 7 20 20 7 7 7 7 21 10 10 10 10
10 10 10 10 10 10 10 10 10 10 10 10 10 10 10 10 10 10 10 10
10 10 10 10 10 10 10 10 10 10 10 10 10 10 10 10 10 10 10 10
10 10 10 10 10 10 10 10 10 10 10 10 10 10 10 10 10 10 10 10
10 10 10 10 10 10 10 10 10 10 10 10 10 10 10 10 10 10 10 10
10 10 10 10 10 10 10 10 10 10 10 10 10 10 10 10 10 10 10 10
10 10 10 10 10 10 10 10 10 10 10 10 10 10 10 10 10 10 10 10
10 10 10 10 10 10 10 10 10 10 10 10 10 10 10 10 10 10 10 10
10 10 10 10 10 10 10 10 10 10 10 10 10 10 10 10 10 10 10 10
